0
1
5
6
8
11
12
13
15
16
18
19
20
21
24
26
27
28
29
30
31
33
35
38
41
42
44
45
46
47
48
50
51
53
56
59
60
61
62
63
64
67
68
70
71
73
74
75
77
78
79
81
82
84
86
87
88
90
91
92
93
94
95
98
99
100
101
102
104
105
109
110
111
114
115
116
117
118
120
122
123
124
126
127
128
130
131
132
133
134
135
136
137
141
143
144
145
147
148
149
151
152
153
154
155
158
159
160
162
163
164
165
167
169
170
171
173
174
175
179
181
183
184
185
186
188
189
192
193
195
196
198
199
201
204
206
207
208
210
212
215
216
220
223
224
226
228
229
231
232
234
235
238
241
242
243
244
245
247
248
249
251
255
256
257
260
263
264
265
266
267
269
270
271
272
273
274
275
277
278
281
284
285
286
288
290
291
292
294
297
299
300
301
303
304
309
310
311
313
314
316
318
322
323
326
328
329
330
331
332
333
334
336
338
341
343
344
345
347
348
350
351
353
355
357
358
360
361
362
363
364
365
366
367
369
370
371
373
374
375
377
378
380
381
382
384
385
386
387
390
391
393
394
395
397
398
399
400
401
402
403
404
405
406
407
408
409
410
411
414
415
419
420
423
424
425
427
428
429
431
432
434
435
436
437
439
442
443
445
446
447
448
450
451
452
453
458
461
464
465
466
470
472
474
475
476
477
479
480
482
483
484
486
488
489
490
491
493
494
495
497
499
501
502
503
506
507
508
509
510
512
513
514
516
519
520
521
522
524
525
526
527
528
529
530
531
532
534
537
541
543
544
545
546
549
550
551
552
553
554
555
556
557
558
560
561
565
566
567
569
570
571
572
573
574
575
576
577
578
580
581
583
584
585
586
587
588
589
590
591
593
595
596
597
598
600
602
603
604
605
606
607
608
609
610
612
614
616
617
618
619
621
622
623
624
626
627
628
631
632
634
635
636
639
640
641
642
643
645
646
648
649
650
651
653
655
656
657
658
659
660
661
662
663
664
665
666
667
668
